[squirrel.jpg]
filters=crop64=1,1c71555fc71bf86;
crop=rect64(1c71555fc71bf86)
moddate=0000dd72bace0000
width=720
height=540
text=1;149;20;Sciurus carolinensis;Chaparral Pro;0.241186,0.156061,0.025854,0.000000;v1,4278190080,4289790009,128.000000,1.000000,0.000000,1.000000,400,0,49152;;
textactive=1
